10017 10058
10170 10076
10207 10094
10266 10126
10375 10231
10443 10342
10616 10427
10729 10551
10758 10612
10985 10638
11022 10747
11041 10856
11244 10865
11251 10868
11369 10937
11417 11295
11968 11496
11978 11531
12243 11537
12392 11651
12495 11700
12560 12050
12592 12147
12635 12213
12712 12233
12734 12246
12835 12341
12857 12409
12968 12435
12977 12673
13140 12696
13307 12731
13343 12736
13525 12817
13944 12820
13993 12931
14310 13155
14520 13233
14684 13276
14760 13340
14865 13423
14925 13491
14947 13563
15256 13653
15602 13846
15775 14040
15891 14313
16094 14366
16280 14479
16319 14548
16398 14634
16423 14699
16448 14729
16550 14736
16838 14737
16934 14886
17024 15004
17075 15102
17077 15122
17271 15141
17323 15154
17378 15215
17513 15322
17862 15396
17911 15455
18062 15492
18173 15509
18278 15802
18544 15914
18590 16025
18816 16090
18999 16243
19137 16341
19152 16436
19247 16523
19368 16637
19476 16771
19525 16835
19618 16841
19831 16895
20038 17003
20178 17158
20232 17180
20266 17397
20298 17530
20394 17656
20395 17822
20538 17851
20682 17871
20968 17920
21041 17955
21111 18216
21316 18251
21528 18267
21562 18371
21596 18527
21599 18592
21652 18619
21800 18644
21800 18740
21800 18776
21800 18834
21800 18954
21800 18977
21810 18987
22018 19014
22101 19021
22156 19078
22158 19123
22181 19148
22308 19187
22376 19218
22533 19289
22682 19399
22807 19619
22850 19685
23040 19804
23096 19808
23416 19809
23653 19848
23710 19891
23909 19912
24059 19984
24113 20082
24490 20337
25115 20451
25123 20517
25383 20527
25667 20736
25752 20808
26034 20838
26112 20879
26199 21043
26473 21050
26486 21201
27039 21328
27177 21359
27186 21620
27197 21646
27252 21669
27815 21677
27951 21800
28011 21888
28124 21936
28248 21972
28317 22288
28319 22302
28333 22416
28371 22482
28406 22622
28645 22676
28645 22724
28645 22850
28645 22886
28645 22943
28645 23238
28645 23241
28645 23269
28645 23335
28645 23357
28645 23628
28645 23676
28645 23706
28645 23750
28645 23808
28645 23855
28645 23884
28645 24055
28661 24187
28786 24233
28813 24242
28844 24284
29232 24401
29383 24417
29440 24608
29549 24738
29550 24804
29605 24823
29605 24984
29605 25244
29605 25322
29605 25356
29605 25483
29605 25521
29605 25568
29605 25674
29605 25730
29615 25787
29693 25827
30393 26249
30429 26320
30634 26537
30699 26724
30857 26791
31091 26814
31278 26895
31435 26930
31579 27019
31655 27181
31971 27191
32075 27337
32099 27418
32135 27451
32180 27504
32241 27548
32329 27657
32331 27869
32417 28028
32597 28032
32611 28211
32712 28324
32789 28475
32885 28642
32976 28645
33038 28824
33145 28875
33437 28939
33527 29149
33543 29208
33736 29436
33810 29605
33880 29680
33985 29748
34047 29895
34188 29900
34202 29929
34382 30033
34506 30115
34694 30224
34739 30248
34810 30317
34900 30379
35300 30465
35405 30534
35495 30544
35629 30553
35634 30554
35784 30574
36358 30605
36363 30695
36393 31003
36393 31088
36393 31218
36393 31255
36393 31300
36393 31346
36393 31426
36463 31704
36515 31753
36805 31827
36830 31871
37146 31912
37219 31913
37249 32101
37280 32132
37285 32177
37461 32187
37536 32247
37632 32412
38101 32445
38286 32482
38315 32570
38361 32978
38496 33109
38522 33187
38588 33351
38908 33457
39035 33506
39154 33535
39427 33746
39650 33816
39790 33893
39848 33929
40120 34089
40420 34171
40692 34465
40730 34473
40764 34539
40764 34685
40764 34712
40764 34730
40764 34925
40764 34988
40764 35116
40764 35138
40764 35219
40764 35260
40764 35356
40764 35473
40764 35614
40764 35685
40923 35720
40943 35742
40983 35813
41158 35863
41185 36113
41265 36214
41277 36391
41334 36393
41433 36436
41573 36467
41626 36862
41673 36950
41914 37014
41931 37058
42091 37149
42113 37398
42156 37621
42276 37704
42399 37742
42505 37754
42860 37793
42934 37952
43085 37985
43240 38009
43240 38354
43240 38460
43240 38471
43240 38478
43240 38627
43240 38653
43240 38655
43240 38782
43240 38979
43240 39183
43240 39228
43517 39313
44296 39349
44321 39382
44325 39662
44374 39738
44402 39846
44500 39862
44536 40097
44568 40150
44568 40229
44568 40254
44568 40690
44568 40694
44568 40764
44568 40895
44568 40972
44568 41070
44568 41091
44568 41155
44568 41157
44568 41309
44568 41429
44568 41635
44568 41654
44568 41731
44568 41757
44568 41971
44568 42239
44679 42313
44754 42407
45242 42510
45811 42946
45854 42999
45981 43057
46029 43063
46159 43069
46360 43226
46508 43227
46523 43240
46602 43385
46947 43492
47041 43544
47166 43650
47166 43680
47166 43788
47166 44254
47166 44411
47166 44426
47166 44499
47166 44568
47166 44759
47772 44872
47834 45032
47834 45040
47834 45083
47834 45103
47834 45334
47834 45370
47834 45612
47834 45665
47834 45672
47834 45679
47834 45785
47834 45979
47834 46412
47834 46547
47834 46613
47834 46631
47924 46751
48011 46783
48013 46940
48028 47020
48329 47083
48512 47138
48525 47156
48642 47166
49084 47167
49172 47172
49205 47182
49340 47241
49372 47420
49428 47797
49984 47829
50576 47834
50642 47977
50989 48022
51057 48113
51279 48300
51298 48341
51436 48389
51560 48390
51672 48416
51774 48573
51807 48638
51807 48792
51807 48816
51807 48825
51807 48988
51807 49168
51997 49199
52329 49231
52329 49293
52329 49315
52329 49379
52329 49392
52329 49455
52329 49487
52329 49519
52329 49525
52329 49629
52441 49734
52665 49804
52987 49896
53304 49946
53315 50375
53509 50395
53556 50495
53573 50555
53573 50834
53573 50856
53573 50874
53573 50928
53984 50967
54241 51210
54500 51222
54500 51344
54500 51613
54500 51625
54500 51784
54500 51807
54500 51844
54764 51944
54947 52064
54967 52096
55094 52145
55356 52189
55460 52231
55484 52253
55547 52329
55696 52459
55715 52528
55786 52703
56007 52784
56068 52899
56222 52941
56394 53132
56458 53274
56511 53494
56778 53573
56853 53626
57592 53638
57643 53704
57652 53760
57669 53822
57735 54145
57784 54290
57974 54347
57987 54394
58031 54497
58391 54500
58398 54766
58419 54777
58440 54943
58468 54945
58929 54961
59581 55006
59649 55040
59966 55197
60167 55216
60596 55424
60692 55531
60692 55565
60692 55580
60692 55826
60692 55896
60692 55944
60692 55958
60692 56049
60692 56277
60692 56444
60692 56543
60692 56551
60692 56584
60692 56625
61042 56725
61071 56985
61115 57047
61141 57163
61228 57256
61368 57314
61458 57643
61608 57795
61618 57973
61914 58060
61978 58205
62364 58312
62370 58381
62370 58477
62370 58535
62370 58595
62370 58631
62370 58865
62370 59010
62370 59013
62370 59096
62370 59229
62370 59283
62370 59293
62370 59547
62370 59573
62370 59616
62479 59656
62570 59673
62620 59797
62671 59913
62674 59945
62698 60089
62989 60119
63056 60149
63064 60260
63079 60311
63173 60368
63353 60501
63406 60689
63414 60692
63854 60821
63980 60842
64138 60878
64173 60979
64200 61051
64538 61218
64899 61246
65015 61250
65022 61325
65438 61356
65490 61358
65607 61477
65709 61510
65743 61634
65879 61683
66147 61905
66296 61915
66296 62034
66296 62052
66296 62130
66296 62217
66296 62370
66296 62416
66296 62438
66296 62494
66296 62648
66296 62697
66296 62807
66296 62932
66296 63062
66296 63112
66296 63117
66296 63152
66296 63214
66325 63227
66369 63295
66550 63448
66598 63557
66876 63584
66999 63649
67007 63852
67072 63866
67265 63886
67294 63907
67504 63926
67510 63986
67605 64034
67621 64188
67636 64218
67760 64311
67775 64357
67842 64472
67908 64646
67961 64790
68553 64890
68567 64906
68822 65128
68822 65134
68822 65310
68822 65378
68822 65390
68822 65419
68822 65519
68822 65529
68822 65557
68822 65568
68822 65604
68822 65875
68822 66024
68967 66034
69248 66127
69267 66198
69786 66296
69845 66619
69857 66676
69857 66738
69857 66755
69857 66855
69857 67058
69897 67069
69974 67196
70327 67589
70574 67699
70628 67779
70628 67869
70838 67939
70919 67982
70935 68212
71081 68214
71081 68260
71081 68298
71081 68300
71264 68404
71352 68550
71394 68611
71800 68621
71845 68791
72085 68804
72086 68813
72188 68822
72338 69033
72362 69037
72374 69239
72376 69251
72376 69296
72376 69366
72376 69378
72376 69439
72376 69656
72376 69675
72376 69857
72376 70225
72376 70237
72376 70385
72376 70488
72495 70582
72634 70594
72666 70614
72666 70628
72666 70630
72666 70715
72666 70719
72666 70753
72666 70795
72666 70882
72666 70897
72666 70951
72666 70981
72666 71081
72666 71151
72666 71356
72666 71377
72666 71402
72666 71499
72666 71622
72666 71629
72839 71921
72988 72008
72995 72021
73021 72307
73681 72376
73936 72493
74006 72506
74083 72663
74633 72666
74762 72668
74859 72846
74882 73026
75136 73123
75490 73179
75964 73255
76042 73286
76051 73395
76084 73420
76121 73535
76273 73632
76620 73747
76935 73961
77323 74053
77353 74076
77523 74262
77576 74375
77640 74555
77658 74929
77792 75077
77892 75130
77934 75300
77975 75306
78325 75331
78415 75343
78529 75415
78549 75457
78771 75465
79094 75472
79101 75525
79101 75686
79101 75820
79101 75888
79101 75976
79101 75979
79101 75980
79101 76060
79101 76218
79101 76443
79101 76719
79101 76828
79101 76842
79101 76933
79101 77014
79101 77032
79101 77140
79101 77169
79101 77218
79101 77332
79166 77343
79253 77382
79253 77455
79253 77458
79253 77467
79253 77632
79253 78126
79253 78172
79253 78207
79253 78382
79253 78468
79253 78479
79253 78562
79253 78678
79253 78721
79253 78782
79253 78958
79253 79101
79414 79195
79520 79253
79631 79261
79646 79324
79760 79332
79818 79439
79966 79548
80051 79879
80241 79906
80299 79948
80397 79955
80450 79974
80603 80045
80652 80100
80908 80119
80970 80124
81256 80126
81268 80127
81321 80209
81537 80254
81589 80320
81729 80513
81883 80714
82431 80798
82618 80968
82620 81215
82756 81292
83094 81470
83136 81490
83297 81511
83297 81581
83297 81584
83297 81660
83297 81746
83297 81852
83297 81885
83297 81936
83297 82025
83297 82102
83297 82111
83297 82274
83297 82299
83297 82526
83297 82570
83297 82669
83297 82681
83297 82719
83367 82734
83593 82878
83649 82905
83737 82965
83851 83276
83851 83297
83851 83378
83851 83433
83851 83462
83851 83464
83851 83502
83851 83522
83895 83726
83928 83746
83976 83774
84252 83851
84356 83906
84388 83959
84475 84081
84475 84116
84475 84153
84475 84235
84475 84264
84475 84348
84475 84475
84475 84569
84475 84613
84475 84697
84475 84784
84475 84820
84475 84872
84475 84961
84475 85150
84487 85165
84569 85166
84569 85277
84569 85282
84569 85409
84569 85520
84865 85531
85143 85724
85166 85819
85166 85899
85166 85907
85270 85910
85353 86039
85447 86065
85448 86272
85451 86368
85547 86410
85856 86629
85865 86653
85887 86695
85894 86706
85952 86849
86774 86924
86802 86953
86985 87307
87032 87325
87132 87380
87401 87383
88103 87477
88174 87543
88216 87678
88293 87738
88319 88205
88374 88295
88411 88320
88560 88532
88660 88545
88794 88579
89052 88923
89057 89138
89185 89257
89257 89408
89257 89417
89257 89426
89257 89542
89257 89697
89257 89902
89257 90056
89257 90190
89257 90258
89257 90344
89494 90509
89557 90582
89709 90758
90190 90803
90190 90817
90190 90853
90190 91034
90190 91054
90190 91192
90190 91209
90190 91345
90190 91379
90190 91414
90190 91430
90190 91716
90190 91885
90190 91964
90190 91987
90217 92029
90412 92046
90534 92076
90582 92176
90582 92226
90582 92268
90582 92293
90582 92300
90582 92507
90582 92616
90582 92689
90751 92785
90761 93094
90958 93193
91182 93324
91265 93469
91276 93488
91403 93618
91467 93629
91634 93661
92079 93665
92119 93801
92176 93845
92176 93894
92176 93935
92176 94064
92176 94202
92176 94278
92176 94370
92176 94450
92176 94520
92176 94589
92176 94594
92278 94702
92339 94738
92388 94944
92760 95088
92974 95180
93010 95224
93158 95389
93412 95444
93637 95511
93643 95818
93796 95831
93842 95915
93940 95968
94108 95972
94310 96015
94666 96296
94789 96385
94963 96421
94988 96521
95239 96558
95261 96782
95602 96846
95834 96855
95923 96939
96077 96949
96287 96975
96318 97005
96558 97017
96558 97081
97010 97160
97452 97267
97462 97296
97519 97392
97601 97469
97614 97485
97917 97541
97934 97777
98017 97778
98106 97903
98463 97964
98628 98062
98628 98101
98628 98105
98628 98111
98628 98567
98628 98628
99011 98707
99263 98860
99306 98937
99345 99007
99384 99063
99504 99249
99708 99720
99783 99853
99809 99956
2769675
